76 67 60 77 78 82 89 78 83 57 67 88
86 93 95 43 52 85 41 75 45 65 92 68
99 58 47 96 61 50 61 99 49 72
67 73 73 75 91 82 96 88 100 58 74 46 46 55 46 98
99 94 46 92 71 46 59 74 96 96 83
47 97 46 97 41 99 86 49 88 54 64 56 55 69 89 45 46
44 84 82 77 96 56 80 73 48 86 80
76 100 52 49 96 89 70 87 93 75 70
67 53 53 70 53 53 65 68 62 52 70 61
50 50 96 58 72 74 73 81 46 42 47
57 67 43 78 66 69 93 73 47
44 45 42 60 57 50 93 65 65 81 91
77 64 80 55 83 100 81 73 81 71 74
98 45 84 47 46 98 56 42 43 53 81
78 82 62 95 54 53 92 62 96 81 100 46 88
84 73 48 97 52 93 62 53 81 91 43 70 90
70 61 61 42 48 93 68 44
53 52 71 50 94 91 54 46 90 55 74 67
81 95 83 92 84 79 41 49 67
41 46 92 85 78 70 58 54 67 68 58 93 80
62 48 68 85 72 48 63 66 65 48 86 45
82 54 71 90 73 78 92 90 85 43 78 80
59 83 97 71 77 96 60 44 64 79 57 44
53 41 69 70 56 43 60 68 66 46 43 64 92 73 99
45 47 55 49 100 97 92 95 69 84 84
58 66 77 46 58 75 100 44 65 51
46 95 100 60 95 69 78 92 71 70 69 61 96 44 49
56 71 96 64 94 45 95 85 54 69 91 89 46 82
65 98 64 88 61 76 79 78 56 46 55 45
91 59 73 90 59 72 59 100 43 86 58 83
56 93 81 83 78 91 89 51 97 44 98 100
97 58 56 79 41 59 54 89 50 98 60 75 91
89 83 65 85 42 97 69 64 97 88
90 89 60 42 48 97 44 43 41 96 95 85
76 80 69 71 81 82 69 58 72 71 69 44
78 80 92 65 90 52 91 94 95 72 93
82 49 97 57 51 42 56 49 62
93 73 86 48 70 47 94 85 83 51 59 56 94 77 100
63 80 96 72 74 66 80 59 42 76 93 61 89 74 48
46 67 69 95 76 72 41 75 53 51 91 96 99
71 53 83 68 47 49 92 89 66 89 44 86
60 61 55 95 83 84 71 43 91 60 56 57 87
73 87 86 100 50 74 52 48
48 55 74 54 49 53 85 70 74 54
85 96 61 90 59 67 53 44 94 94 49 91 77
63 79 81 54 84 90 51 64 82 87 50 81
81 100 85 56 95 60 90 68 57 79 84 90 50
70 41 47 43 76 97 74 44 96 92 57 95
51 49 89 79 95 41 97 73 53 80
81 94 97 87 57 84 81 56 77 43 70 81 80
81 83 89 46 78 43 69 55 88
81 55 62 99 95 85 49 83 73 71 100 79
85 68 84 73 82 44 56 70 100 44 64 55 78 59
60 59 43 76 60 53 49 86 63 83 48 50 79 74
91 52 83 42 57 77 58 74 44 61 91 42
56 56 73 42 46 68 81 64 41 64 80 95
98 95 93 60 71 53 67 50 98 100 99
67 76 41 43 91 55 75 60 99 67 63 45
100 66 77 91 60 89 53 69 71
81 74 47 71 46 64 72 91 99 97 52 89 59
99 46 79 85 81 88 69 89 65 59 78 88 62 53 65 66
78 55 50 49 87 43 85 50 44 70 92
46 89 85 80 42 64 73 87 76 78 97
46 68 89 53 89 81 47 47 42 94
76 75 96 88 87 99 52 100 59 88 53 44 45 42 56
98 44 65 84 55 85 71 90 66 45 60 41 74
43 69 43 60 65 66 92 77 97 100 59 83
94 82 71 53 74 67 98 72 45 83
56 85 96 97 87 51 83 85 92 63 59 66 88
54 72 67 52 72 75 72 73 79 72 79 82 66 48
48 80 60 93 80 82 68 45 43 69 63 63
92 81 46 44 71 77 60 77 44 44 48 52
78 53 47 80 54 60 95 75 75 71 73
46 50 53 47 94 90 100 53 62 85 43 62 62 53 60
75 86 96 55 65 64 44 63 53 74 45 60
86 65 53 75 66 75 54 93 66 68
78 80 63 70 94 49 59 62 81 81 64 97 42 59 99
85 100 55 46 53 66 61 71 85 68
52 64 76 67 95 66 70 82 69
72 86 57 47 57 98 84 66 52
77 56 54 70 67 47 95 48 88 72 64 70 58 66
64 97 77 57 74 75 95 83 76 51 66 49 48 47 87 88
81 70 45 65 61 52 59 93 87 95 47
64 58 66 49 75 71 43 59 44 76 46 82
63 57 63 54 99 74 77 63 47 53 78 72 89 85 49
90 44 45 92 62 96 61 80 96 83 85
42 71 85 83 98 97 86 49 46 47
58 95 64 42 57 65 74 50 63 57 62 85
45 79 60 63 59 83 81 57 77 78
62 96 95 95 75 48 89 75 51 89 60 47 59 43
83 70 89 49 74 76 47 87 51 77 55
47 60 88 48 92 83 89 55 95 70 62 65 57 45 70 85
90 80 62 99 62 56 47 50
61 77 88 57 98 90 73 58 71
54 65 42 77 75 57 88 59 94
72 65 66 65 79 42 81 61 84 66 92 86 69 78 69
45 62 78 58 45 100 69 84 81 62 81 68 90
85 47 52 84 79 51 54 69 76 51 90 61
54 99 66 82 93 56 75 93 71 60
60 80 47 47 57 57 93 86 79 79 100 60 54
